image: /home/student/catkin_ws/src/com2009_team61/maps/task4_map.pgm
resolution: 0.050000
origin: [-5.000000, -5.000000, 0.000000]
negate: 0
occupied_thresh: 0.65
free_thresh: 0.196

